cpu  2391 3 1376 118353 19695 0 75 0 0 0
cpu0 217 0 209 13950 3318 0 30 0 0 0
cpu1 188 0 147 15474 1926 0 16 0 0 0
cpu2 836 0 161 12948 3776 0 6 0 0 0
cpu3 386 0 157 14634 2550 0 3 0 0 0
cpu4 264 0 239 14861 2422 0 0 0 0 0
cpu5 170 0 168 15183 2213 0 10 0 0 0
cpu6 216 0 166 15271 2054 0 0 0 0 0
cpu7 112 2 126 16029 1433 0 6 0 0 0
intr 114134 16 10 0 0 0 0 0 0 1 349 0 0 144 0 0 0 29 425 0 0 0 0 0 33 0 4682 22 16498 1892 13 627 747 134 1993 224 220 642 0 0 0 0 0 0 0 0 0 0 0 0 0 0 0 0 0 0 0 0 0 0 0 0 0 0 0 0 0 0 0 0 0 0 0 0 0 0 0 0 0 0 0 0 0 0 0 0 0 0 0 0 0 0 0 0 0 0 0 0 0 0 0 0 0 0 0 0 0 0 0 0 0 0 0 0 0 0 0 0 0 0 0 0 0 0 0 0 0 0 0 0 0 0 0 0 0 0 0 0 0 0 0 0 0 0 0 0 0 0 0 0 0 0 0 0 0 0 0 0 0 0 0 0 0 0 0 0 0 0 0 0 0 0 0 0 0 0 0 0 0 0 0 0 0 0 0 0 0 0 0 0 0 0 0 0 0 0 0 0 0 0 0 0 0 0 0 0 0 0 0 0 0 0 0 0 0 0 0 0 0 0 0 0 0 0 0 0 0 0 0 0 0 0 0 0 0 0 0 0 0 0 0 0 0 0 0 0 0 0 0 0 0 0 0 0 0 0 0 0 0 0 0 0 0 0 0 0 0 0 0 0 0 0 0 0 0 0 0 0 0 0 0 0 0 0 0 0 0 0 0 0 0 0 0 0 0 0 0 0 0 0 0 0 0 0 0 0 0 0 0 0 0 0 0 0 0 0 0 0 0 0 0 0 0 0 0 0 0 0 0 0 0 0 0 0 0 0 0 0 0 0 0 0 0 0 0 0 0 0 0 0 0 0 0 0 0 0 0 0 0 0 0 0 0 0 0 0 0 0 0 0 0 0 0 0 0 0 0 0 0 0 0 0 0 0 0 0 0 0 0 0 0 0 0 0 0 0 0 0 0 0 0 0 0 0 0 0 0 0 0 0 0 0 0 0 0 0 0 0 0 0 0 0 0 0 0 0 0 0 0 0 0 0 0 0 0 0 0 0 0 0 0 0 0 0 0 0 0 0 0 0 0 0 0 0 0 0 0 0 0 0 0 0 0 0 0 0 0 0 0 0 0 0 0 0 0 0 0 0 0 0 0 0 0 0 0 0 0 0 0
ctxt 246254
btime 1506468313
processes 2676
procs_running 1
procs_blocked 1
softirq 157298 5 47841 404 3285 17640 0 705 45730 0 41688
